0.00162437916
0.00106555397
0.00044703292
-0.00021377378
-0.00088711272
-0.00154282497
-0.00214403847
-0.00265667414
-0.00303703075
-0.00330320956
-0.00341777673
-0.00331913941
-0.00309115422
-0.00270040485
-0.00214401446
-0.00146945204
-0.00070804329
0.00012710107
0.00099686646
0.00185273004
0.00269825432
0.00344686625
0.00413318409
0.00471913796
0.00516051474
0.00547618974
0.00567792348
0.00574709281
0.00570700746
0.00562909609
0.00546527741
0.00520270995
0.00496711285
0.00472789155
0.00446826165
0.00423894471
0.00409663356
0.00396385406
0.00389468498
0.00387166462
0.00393804205
0.00404903321
0.00415040520
0.00427328248
0.00443771994
0.00454286390
0.00460520481
0.00460954766
0.00458142746
0.00442174832
0.00420245604
0.00111954855
0.00051233617
-0.00015451669
-0.00083682656
-0.00149571247
-0.00210416163
-0.00262155901
-0.00302362077
-0.00327314931
-0.00334632635
-0.00326701999
-0.00301206457
-0.00258176994
-0.00200418459
-0.00131756890
-0.00052910128
0.00032389148
0.00121088182
0.00206840015
0.00290825233
0.00364100484
0.00431748283
0.00482107023
0.00518548844
0.00546597705
0.00556086191
0.00555419953
0.00539858282
0.00517791559
0.00486561357
0.00447713022
0.00410738606
0.00369437990
0.00330193374
0.00297310530
0.00268328203
0.00244574386
0.00229497550
0.00222571641
0.00223014021
0.00231261587
0.00246629675
0.00267808102
0.00294851214
0.00321682885
0.00352778496
0.00380084755
0.00407080232
0.00424458544
0.00437158778
0.00439466784
0.00065882655
-0.00002273107
-0.00072893435
-0.00142728902
-0.00207814363
-0.00262206894
-0.00304423049
-0.00330849905
-0.00343175470
-0.00335407255
-0.00307528578
-0.00264676773
-0.00205248979
-0.00132717872
-0.00049660639
0.00039372644
0.00130731372
0.00221662739
0.00306490625
0.00381243120
0.00447686114
0.00497761060
0.00532079570
0.00550338494
0.00553250637
0.00543781691
0.00514909391
0.00481114198
0.00433071991
0.00380530491
0.00326960478
0.00269037426
0.00215832795
0.00166438465
0.00121512376
0.00085874995
0.00058250581
0.00040593577
0.00031952429
0.00034175927
0.00046184068
0.00067917086
0.00098941010
0.00136386775
0.00180913868
0.00228263846
0.00278252652
0.00326671134
0.00371739429
0.00412992528
0.00444029402
0.00022131267
-0.00052496409
-0.00127853399
-0.00197727038
-0.00258299831
-0.00308102956
-0.00341723766
-0.00358612244
-0.00352430265
-0.00330355843
-0.00286551115
-0.00227215604
-0.00151873360
-0.00065342581
0.00028831434
0.00126102508
0.00221795758
0.00312482968
0.00392430386
0.00462885397
0.00513412900
0.00545618414
0.00562745289
0.00560883618
0.00541250035
0.00502565811
0.00456246462
0.00393869295
0.00328292354
0.00254504295
0.00181510770
0.00110561124
0.00043406622
-0.00016564395
-0.00069019969
-0.00110680538
-0.00141608504
-0.00161486759
-0.00170963353
-0.00167477840
-0.00151897276
-0.00123130058
-0.00084788130
-0.00035560103
0.00022745460
0.00087310215
0.00158147221
0.00228736240
0.00301813527
0.00367115007
0.00430340529
-0.00018902322
-0.00099637812
-0.00176942242
-0.00248060432
-0.00307979462
-0.00350032734
-0.00373184584
-0.00377593822
-0.00361783618
-0.00321246105
-0.00264778802
-0.00187995868
-0.00099689477
-0.00001166456
0.00102046330
0.00205921578
0.00303979421
0.00392220455
0.00466836083
0.00523347588
0.00562676234
0.00577825511
0.00574996965
0.00551701430
0.00506310857
0.00446462966
0.00373092950
0.00292173222
0.00202559042
0.00113020919
0.00023556761
-0.00060788309
-0.00138411054
-0.00206340379
-0.00264227724
-0.00310171663
-0.00343326855
-0.00366153550
-0.00374674288
-0.00370684255
-0.00350140885
-0.00317667402
-0.00271960008
-0.00214799991
-0.00143877419
-0.00063828404
0.00024246484
0.00118062443
0.00212851368
0.00306861472
0.00395059377
-0.00056301746
-0.00142221998
-0.00224287797
-0.00293724578
-0.00348174768
-0.00387086542
-0.00402564677
-0.00395502998
-0.00363712635
-0.00313669764
-0.00239792073
-0.00151874703
-0.00050014262
0.00058415290
0.00170025640
0.00275646267
0.00376494786
0.00458540486
0.00528851349
0.00571645042
0.00592313204
0.00596002761
0.00569110478
0.00521246324
0.00452455633
0.00373284633
0.00276588241
0.00173208053
0.00067672147
-0.00038581272
-0.00140572014
-0.00235684170
-0.00318482757
-0.00394456135
-0.00451557488
-0.00501679132
-0.00537444533
-0.00557802480
-0.00565844720
-0.00560557999
-0.00539825628
-0.00506317778
-0.00454037098
-0.00389799449
-0.00312173820
-0.00218324412
-0.00115507773
-0.00004066866
0.00112642183
0.00231129080
0.00343083164
-0.00089849869
-0.00181384486
-0.00264350533
-0.00334021088
-0.00388305310
-0.00417424700
-0.00427857809
-0.00407287567
-0.00367594665
-0.00302052161
-0.00218098929
-0.00116197491
-0.00004728447
0.00112198402
0.00228897597
0.00337790193
0.00434370835
0.00516046223
0.00571433651
0.00603463318
0.00612384728
0.00591832674
0.00546550179
0.00477505025
0.00388704273
0.00284486608
0.00169364335
0.00048636417
-0.00073209418
-0.00192090923
-0.00302133935
-0.00403151944
-0.00491107115
-0.00566416844
-0.00625630770
-0.00674455110
-0.00706285810
-0.00724464969
-0.00732511975
-0.00726416927
-0.00706185189
-0.00675561661
-0.00623977167
-0.00555039380
-0.00468961452
-0.00370916434
-0.00255985067
-0.00129939743
0.00004314824
0.00141402225
0.00278648094
-0.00121132143
-0.00215688358
-0.00299610536
-0.00371607516
-0.00419094722
-0.00447742578
-0.00446148654
-0.00419942524
-0.00368350231
-0.00291553609
-0.00194976518
-0.00084880587
0.00035825088
0.00159251785
0.00279675566
0.00390262336
0.00483066740
0.00553983605
0.00605063192
0.00625003143
0.00614152819
0.00572934595
0.00511434370
0.00421825900
0.00313584517
0.00188580302
0.00057116346
-0.00079141120
-0.00213148264
-0.00338065698
-0.00456168229
-0.00554928501
-0.00645336287
-0.00714815399
-0.00770027249
-0.00810628379
-0.00841263095
-0.00861565257
-0.00864321184
-0.00856149575
-0.00844193394
-0.00812106693
-0.00763873952
-0.00701124042
-0.00616700037
-0.00511688710
-0.00390347461
-0.00253949284
-0.00108359029
0.00044994971
0.00198993946
-0.00146549213
-0.00245195596
-0.00333368926
-0.00400679807
-0.00449942082
-0.00468511888
-0.00464149895
-0.00430003454
-0.00365930404
-0.00282292132
-0.00176635230
-0.00056626187
0.00070735951
0.00199131410
0.00321100397
0.00429838349
0.00520411226
0.00586931924
0.00622847632
0.00628797490
0.00605496653
0.00548642904
0.00464525085
0.00356793563
0.00231128168
0.00090682659
-0.00056231679
-0.00202484843
-0.00345574327
-0.00475705228
-0.00589015054
-0.00690188862
-0.00771431215
-0.00828193799
-0.00878948156
-0.00910975764
-0.00930566037
-0.00939706168
-0.00949242415
-0.00951299131
-0.00937130781
-0.00909148658
-0.00875992101
-0.00813141701
-0.00738276516
-0.00635807985
-0.00515067513
-0.00375770366
-0.00219158755
-0.00055886646
0.00111523651
-0.00168439126
-0.00272135555
-0.00358358029
-0.00429844551
-0.00471486814
-0.00491217006
-0.00475627745
-0.00436877695
-0.00366676914
-0.00272643815
-0.00159467291
-0.00033187223
0.00099613669
0.00232515245
0.00353865298
0.00464342032
0.00547868314
0.00605154261
0.00628806525
0.00626751656
0.00583188378
0.00514576246
0.00410707275
0.00288842056
0.00145270860
-0.00007487080
-0.00164855466
-0.00319918046
-0.00464106764
-0.00593139905
-0.00707601650
-0.00792717346
-0.00860925592
-0.00910465583
-0.00938790061
-0.00952233424
-0.00967901330
-0.00975338977
-0.00978179269
-0.00978178835
-0.00981399660
-0.00970622308
-0.00939959081
-0.00900733842
-0.00828830450
-0.00742689696
-0.00622464562
-0.00481534936
-0.00326797552
-0.00156139813
0.00020544075
-0.00188247223
-0.00292373232
-0.00382023553
-0.00450664656
-0.00493814307
-0.00505595547
-0.00488951501
-0.00440889089
-0.00366725201
-0.00263995073
-0.00145781859
-0.00013322543
0.00123926594
0.00256793542
0.00381645322
0.00484570464
0.00564136374
0.00616079874
0.00632293082
0.00610524442
0.00559793829
0.00470049149
0.00356480188
0.00216938550
0.00062090096
-0.00102269505
-0.00266485318
-0.00424768288
-0.00565533349
-0.00693306413
-0.00792691963
-0.00867866272
-0.00910715563
-0.00943281257
-0.00950508672
-0.00948594290
-0.00938152099
-0.00939655345
-0.00944472482
-0.00958003448
-0.00963031414
-0.00976580917
-0.00970364701
-0.00940955324
-0.00896478365
-0.00817709185
-0.00710345661
-0.00579527655
-0.00424555157
-0.00250646121
-0.00071086528
-0.00201103148
-0.00310097951
-0.00401365851
-0.00466631272
-0.00509008519
-0.00520102198
-0.00501104673
-0.00445967023
-0.00362764335
-0.00258998687
-0.00133391988
0.00002349354
0.00141606513
0.00277579004
0.00397435042
0.00500495893
0.00576984208
0.00614973395
0.00624560921
0.00595899028
0.00525652574
0.00428281448
0.00299359926
0.00147727742
-0.00017100802
-0.00188533293
-0.00358820780
-0.00512685589
-0.00654607998
-0.00768908595
-0.00848195784
-0.00907866828
-0.00929976520
-0.00928196890
-0.00908111491
-0.00879600943
-0.00854444730
-0.00837885894
-0.00839067088
-0.00861336938
-0.00893000228
-0.00926335284
-0.00948345393
-0.00954076609
-0.00928627492
-0.00865935881
-0.00781708083
-0.00656268126
-0.00508635280
-0.00339570479
-0.00158655365
-0.00212751320
-0.00321869865
-0.00415101837
-0.00484574350
-0.00521733780
-0.00529876216
-0.00504921787
-0.00450039549
-0.00363109430
-0.00252826999
-0.00125158903
0.00014295909
0.00156225114
0.00289805351
0.00412209211
0.00510510198
0.00577076707
0.00614709028
0.00613197066
0.00569914936
0.00495079284
0.00383767551
0.00242670639
0.00083588220
-0.00088921396
-0.00265230569
-0.00435717765
-0.00589569689
-0.00721401970
-0.00818703512
-0.00885304586
-0.00914985648
-0.00910890022
-0.00869805173
-0.00813914392
-0.00749053619
-0.00695727599
-0.00663082231
-0.00665273527
-0.00699695822
-0.00760592361
-0.00826428018
-0.00889341210
-0.00924158492
-0.00926017380
-0.00896892591
-0.00824852227
-0.00719736817
-0.00579278337
-0.00418546693
-0.00239284120
-0.00222054315
-0.00332057066
-0.00425746996
-0.00491779333
-0.00534258812
-0.00537264741
-0.00510200941
-0.00450732875
-0.00362517196
-0.00249263713
-0.00117594728
0.00023127411
0.00165311605
0.00300220675
0.00419645739
0.00511968293
0.00580242154
0.00605729681
0.00596006535
0.00549944075
0.00461657621
0.00340046546
0.00193091766
0.00025816592
-0.00151732669
-0.00330032192
-0.00499353453
-0.00649770053
-0.00765549467
-0.00852879699
-0.00900348209
-0.00894784973
-0.00858074462
-0.00778816416
-0.00675480281
-0.00565047882
-0.00466962564
-0.00413158354
-0.00415014328
-0.00470711960
-0.00571655544
-0.00685322265
-0.00789512091
-0.00865858227
-0.00902863454
-0.00900861429
-0.00854439348
-0.00762184137
-0.00636720083
-0.00482958405
-0.00307520371
-0.00225125548
-0.00339490793
-0.00430395504
-0.00500498468
-0.00538805513
-0.00544807804
-0.00513731132
-0.00450015093
-0.00362718061
-0.00245385876
-0.00113813794
0.00028444338
0.00171624065
0.00306118074
0.00420869536
0.00514531624
0.00574653979
0.00597987554
0.00581757266
0.00523342933
0.00431848605
0.00303682961
0.00150398696
-0.00022825324
-0.00204276435
-0.00381739306
-0.00547897414
-0.00693584221
-0.00803838658
-0.00870597302
-0.00888468909
-0.00865648720
-0.00781505287
-0.00661384310
-0.00502873129
-0.00332854429
-0.00183212067
-0.00094308210
-0.00097781462
-0.00182016566
-0.00334441459
-0.00504659071
-0.00664312575
-0.00788468543
-0.00868190119
-0.00889306818
-0.00863736418
-0.00796169054
-0.00679987249
-0.00532075645
-0.00368026060
-0.00228137382
-0.00340211722
-0.00436557925
-0.00502349797
-0.00539595407
-0.00547117327
-0.00516061728
-0.00452711230
-0.00360743441
-0.00244751160
-0.00110607209
0.00031564960
0.00174019373
0.00307241408
0.00424321769
0.00510951382
0.00567498023
0.00589722282
0.00564623704
0.00506368582
0.00404645446
0.00274541418
0.00114790478
-0.00061236890
-0.00244148954
-0.00422708152
-0.00586921968
-0.00719398470
-0.00822753047
-0.00878475742
-0.00877471740
-0.00821077856
-0.00706250283
-0.00534655931
-0.00318060483
-0.00084516564
0.00128296941
0.00263555950
0.00267467817
0.00138772394
-0.00081715511
-0.00317762510
-0.00535513823
-0.00704788725
-0.00815169489
-0.00874824040
-0.00866585128
-0.00808058709
-0.00710974881
-0.00573486314
-0.00412322956
-0.00225386399
-0.00341414467
-0.00434485165
-0.00504402657
-0.00540079203
-0.00545356028
-0.00516184871
-0.00453755112
-0.00358677159
-0.00243900852
-0.00110033469
0.00032311298
0.00173992227
0.00308055137
0.00420530164
0.00508474909
0.00563205113
0.00576394118
0.00555343520
0.00487862829
0.00387689310
0.00250656182
0.00089650054
-0.00088152486
-0.00272048272
-0.00450129704
-0.00610954092
-0.00742095371
-0.00835168257
-0.00874937165
-0.00863009721
-0.00780827031
-0.00640939794
-0.00427264557
-0.00153942922
0.00151183165
0.00417459467
0.00600793328
0.00591131714
0.00412806510
0.00153077492
-0.00154431377
-0.00421829023
-0.00632340221
-0.00776485195
-0.00850593255
-0.00862112338
-0.00822293340
-0.00726126762
-0.00600575616
-0.00442849151
-0.00222609188
-0.00335240224
-0.00430853456
-0.00501118503
-0.00540669262
-0.00541579173
-0.00515051139
-0.00452557381
-0.00360235395
-0.00242454360
-0.00110579015
0.00031556248
0.00172634337
0.00303092773
0.00417237527
0.00505173395
0.00556414324
0.00571474907
0.00543131275
0.00480186717
0.00373135951
0.00237685344
0.00075248325
-0.00102996544
-0.00287574897
-0.00464937566
-0.00623620221
-0.00753393470
-0.00835386724
-0.00874217441
-0.00851909277
-0.00763550684
-0.00600755664
-0.00362465936
-0.00059701605
0.00286352926
0.00610595152
0.00772163997
0.00799356626
0.00621966703
0.00283082988
-0.00050429373
-0.00354040053
-0.00589706467
-0.00748501689
-0.00832352569
-0.00860617232
-0.00819807489
-0.00738122418
-0.00612405782
-0.00455578404
-0.00214973805
-0.00331060260
-0.00424667430
-0.00495664317
-0.00531868160
-0.00540969819
-0.00509534552
-0.00450929671
-0.00359778866
-0.00244236777
-0.00111996477
0.00028609946
0.00168814496
0.00300861227
0.00413370050
0.00499611994
0.00548668564
0.00565448459
0.00541179955
0.00473949680
0.00370260641
0.00232408301
0.00071528893
-0.00106715135
-0.00288886902
-0.00467434297
-0.00623424034
-0.00753234035
-0.00841330733
-0.00876277058
-0.00849370523
-0.00761108225
-0.00595699719
-0.00362965531
-0.00062719714
0.00282082020
0.00614256882
0.00806398706
0.00803807437
0.00603527708
0.00301212641
-0.00046657477
-0.00350736219
-0.00581243772
-0.00744492366
-0.00832437510
-0.00851719044
-0.00821458142
-0.00736094687
-0.00608446393
-0.00456989255
-0.00207600561
-0.00319946551
-0.00416874502
-0.00486148216
-0.00526333988
-0.00532822690
-0.00508353190
-0.00446314276
-0.00359644219
-0.00246398409
-0.00114753382
0.00024643553
0.00164464753
0.00295403032
0.00408128734
0.00491973752
0.00548611329
0.00562605141
0.00539800384
0.00472506435
0.00373368994
0.00239743130
0.00078813628
-0.00097343704
-0.00280877039
-0.00457007877
-0.00615416987
-0.00745652613
-0.00835288669
-0.00871928507
-0.00861166657
-0.00778071603
-0.00633565467
-0.00418538688
-0.00146334661
0.00158437459
0.00436222641
0.00626595924
0.00610851902
0.00431032071
0.00163276630
-0.00140013967
-0.00406982739
-0.00616283600
-0.00759368572
-0.00836173481
-0.00854197556
-0.00813853343
-0.00719670622
-0.00595130854
-0.00444424513
-0.00195865443
-0.00309912729
-0.00404681008
-0.00473311713
-0.00519205837
-0.00525862505
-0.00499566670
-0.00446328802
-0.00357506134
-0.00248463340
-0.00119637054
0.00018657856
0.00157939358
0.00288409248
0.00399463032
0.00489495534
0.00542445280
0.00565164529
0.00541128312
0.00481731677
0.00384696959
0.00253088134
0.00097794223
-0.00076091804
-0.00255326893
-0.00431889531
-0.00592814047
-0.00727563008
-0.00825636961
-0.00875909338
-0.00868853946
-0.00813722868
-0.00697701393
-0.00520446807
-0.00298953145
-0.00057465744
0.00149475524
0.00292245713
0.00296709425
0.00166610821
-0.00054336220
-0.00290684402
-0.00507075062
-0.00680064745
-0.00789820619
-0.00852425110
-0.00848376808
-0.00797133399
-0.00701352138
-0.00566591731
-0.00411318025
-0.00180760754
-0.00294374759
-0.00390644444
-0.00462000697
-0.00505222513
-0.00516774744
-0.00495334498
-0.00442274021
-0.00359566820
-0.00250270043
-0.00125435924
0.00010849429
0.00148639819
0.00277734398
0.00393916990
0.00480592171
0.00542200470
0.00564285558
0.00547753887
0.00496494101
0.00401208301
0.00278776277
0.00126671355
-0.00042416906
-0.00221006923
-0.00395404377
-0.00558403521
-0.00698816481
-0.00799953273
-0.00868784343
-0.00885696013
-0.00855052148
-0.00768734865
-0.00641395013
-0.00477633839
-0.00303796901
-0.00148704953
-0.00057680102
-0.00059438795
-0.00142611407
-0.00297864194
-0.00471173550
-0.00628067078
-0.00748897469
-0.00832170165
-0.00859655142
-0.00842421797
-0.00771837066
-0.00667947995
-0.00527511060
-0.00366273972
-0.00165848876
-0.00277664650
-0.00371650204
-0.00447768462
-0.00489264091
-0.00506080185
-0.00489529026
-0.00438327788
-0.00360732381
-0.00256398432
-0.00132831266
0.00000571006
0.00136595401
0.00267525084
0.00382880408
0.00475218328
0.00539498689
0.00564263560
0.00558326099
0.00511202343
0.00426886035
0.00309372843
0.00166132398
0.00002350416
-0.00171246544
-0.00347062019
-0.00509278850
-0.00654490039
-0.00770726064
-0.00846111696
-0.00891029855
-0.00885918989
-0.00838289150
-0.00754069971
-0.00648162749
-0.00531025660
-0.00428260350
-0.00371084581
-0.00368637865
-0.00424561506
-0.00524690507
-0.00639471362
-0.00743554991
-0.00822085773
-0.00865993348
-0.00863421403
-0.00823833077
-0.00736317268
-0.00618690876
-0.00473447621
-0.00306150039
-0.00147742041
-0.00256676980
-0.00353868051
-0.00428391754
-0.00476059220
-0.00494906476
-0.00480064346
-0.00435987781
-0.00360018359
-0.00262440567
-0.00143425671
-0.00012245415
0.00122698327
0.00252678745
0.00369387038
0.00466037455
0.00534106006
0.00569656868
0.00566547464
0.00528730213
0.00457504557
0.00347536487
0.00213320149
0.00056733313
-0.00111593371
-0.00281489948
-0.00447569413
-0.00595926795
-0.00721505157
-0.00815988845
-0.00877265338
-0.00899810080
-0.00888092374
-0.00846709449
-0.00780141502
-0.00714120570
-0.00652803943
-0.00614253884
-0.00615008177
-0.00651193625
-0.00707206848
-0.00776027998
-0.00836422995
-0.00875917806
-0.00878440743
-0.00855956805
-0.00789423849
-0.00690044202
-0.00556257952
-0.00405142131
-0.00237294278
-0.00125894739
-0.00235930402
-0.00331562733
-0.00407441460
-0.00459663538
-0.00478958452
-0.00473175765
-0.00431960489
-0.00364778768
-0.00268811676
-0.00155756125
-0.00028276554
0.00104860545
0.00234217817
0.00351403140
0.00454165108
0.00525578808
0.00569220568
0.00578049984
0.00549771925
0.00486241978
0.00391496368
0.00266853495
0.00120313600
-0.00040451582
-0.00207120240
-0.00369232322
-0.00521022477
-0.00655015448
-0.00764054634
-0.00843848439
-0.00887750065
-0.00907842926
-0.00899401078
-0.00876970988
-0.00836830664
-0.00808862192
-0.00792883275
-0.00788989008
-0.00804157901
-0.00838952785
-0.00868242601
-0.00894952906
-0.00898879907
-0.00876531832
-0.00825422670
-0.00735515477
-0.00624853109
-0.00486226336
-0.00324684016
-0.00153881709
-0.00103453314
-0.00211659803
-0.00306852189
-0.00383139682
-0.00440084729
-0.00466623883
-0.00464734316
-0.00429518586
-0.00365915377
-0.00280224658
-0.00170745601
-0.00047453051
0.00082331793
0.00210878933
0.00332094741
0.00433304161
0.00515158597
0.00565423654
0.00588125991
0.00569411142
0.00518490976
0.00434567404
0.00323837114
0.00189915477
0.00039304452
-0.00119847776
-0.00279263697
-0.00429973762
-0.00569585736
-0.00689609233
-0.00780662803
-0.00849728480
-0.00895107309
-0.00915783422
-0.00913742608
-0.00910008317
-0.00898940848
-0.00889912017
-0.00891622240
-0.00901720547
-0.00911835588
-0.00914217882
-0.00906716227
-0.00888356158
-0.00844582696
-0.00769921313
-0.00669400738
-0.00544451535
-0.00395919779
-0.00235787351
-0.00064326725
-0.00077400373
-0.00183504017
-0.00279552667
-0.00361010249
-0.00416960917
-0.00451353252
-0.00453640703
-0.00427272067
-0.00372741285
-0.00290523843
-0.00189427429
-0.00071040672
0.00055558319
0.00183652308
0.00303273875
0.00412380013
0.00496605405
0.00557738892
0.00587422961
0.00583554797
0.00549810915
0.00481041157
0.00381701402
0.00263373796
0.00124862501
-0.00024372739
-0.00178278305
-0.00327346909
-0.00467085207
-0.00590627545
-0.00696798617
-0.00779163567
-0.00837632842
-0.00883355429
-0.00911265416
-0.00919941641
-0.00927091661
-0.00926184240
-0.00926370617
-0.00929477586
-0.00921128929
-0.00908882409
-0.00888706037
-0.00843491569
-0.00777094682
-0.00689536021
-0.00582092175
-0.00446421609
-0.00299471060
-0.00137266628
0.00028739615
-0.00049390204
-0.00153437857
-0.00251564617
-0.00332304481
-0.00396709663
-0.00433084449
-0.00440987081
-0.00424528743
-0.00378591917
-0.00306682402
-0.00209888779
-0.00098302464
0.00023844051
0.00149739811
0.00271377457
0.00379699591
0.00473059452
0.00544079909
0.00580985958
0.00594859126
0.00572835714
0.00521251946
0.00441447890
0.00335302298
0.00213785563
0.00076231383
-0.00066884889
-0.00210572493
-0.00348092431
-0.00474866952
-0.00582577076
-0.00679601754
-0.00755367240
-0.00810011070
-0.00847072549
-0.00879988951
-0.00891225697
-0.00899414569
-0.00906449746
-0.00896288476
-0.00883061257
-0.00860548052
-0.00816796618
-0.00763977791
-0.00687277523
-0.00590422300
-0.00471308361
-0.00339665631
-0.00191668045
-0.00036396220
0.00122018005
-0.00018792115
-0.00122416395
-0.00218608186
-0.00305041433
-0.00369242527
-0.00414060996
-0.00432931939
-0.00422516373
-0.00384447040
-0.00320496839
-0.00233837062
-0.00129246123
-0.00012688013
0.00109325473
0.00230803136
0.00344965502
0.00441110688
0.00516216404
0.00571545409
0.00595832889
0.00586887214
0.00554637124
0.00493880905
0.00407575634
0.00299750532
0.00178981346
0.00047960517
-0.00085046959
-0.00216608209
-0.00339852624
-0.00452933250
-0.00549427817
-0.00634446003
-0.00699573288
-0.00749063899
-0.00783536946
-0.00808864013
-0.00823260778
-0.00823212548
-0.00816523027
-0.00795313470
-0.00766268730
-0.00717350503
-0.00649076758
-0.00570527889
-0.00468757579
-0.00351932023
-0.00221424705
-0.00080235762
0.00065540545
0.00210467992
0.00013455771
-0.00087948157
-0.00185613546
-0.00272903564
-0.00344610703
-0.00393637585
-0.00420477010
-0.00420013141
-0.00390576379
-0.00335423074
-0.00259978214
-0.00164465133
-0.00053550975
0.00064547624
0.00183414645
0.00297622761
0.00399726706
0.00484995780
0.00548831097
0.00583691991
0.00597942239
0.00578900464
0.00538034057
0.00469569758
0.00380916941
0.00276081529
0.00163045510
0.00042843660
-0.00078056455
-0.00195918141
-0.00304401376
-0.00401325126
-0.00485141000
-0.00557909145
-0.00614644931
-0.00653285029
-0.00683532832
-0.00696923886
-0.00701209562
-0.00688203329
-0.00670283553
-0.00632689255
-0.00581069917
-0.00515362986
-0.00431370032
-0.00332233169
-0.00221312855
-0.00098080748
0.00030858206
0.00161791671
0.00292682435
0.00047770652
-0.00051718001
-0.00150202099
-0.00238453454
-0.00315305936
-0.00373130814
-0.00407314155
-0.00413943977
-0.00396755650
-0.00355609143
-0.00287836794
-0.00200480590
-0.00099198532
0.00013270769
0.00129505610
0.00243035047
0.00348375331
0.00442367859
0.00512286090
0.00566004042
0.00589157460
0.00593035985
0.00568106692
0.00521226601
0.00453858106
0.00369009941
0.00273093163
0.00167626000
0.00060954911
-0.00045880559
-0.00147042316
-0.00239471252
-0.00321083397
-0.00390029307
-0.00449372414
-0.00493958321
-0.00522536001
-0.00539944813
-0.00542700540
-0.00533955885
-0.00511768044
-0.00472443796
-0.00425289243
-0.00358582021
-0.00278557128
-0.00186841119
-0.00085636208
0.00023951772
0.00137217268
0.00250834931
0.00360389496
0.00083072866
-0.00014174698
-0.00111679023
-0.00204716112
-0.00284690519
-0.00347392808
-0.00390018822
-0.00408557440
-0.00404537451
-0.00370831049
-0.00316881480
-0.00241437522
-0.00147212974
-0.00042827310
0.00069018565
0.00181015875
0.00289140810
0.00384517229
0.00468983664
0.00528570789
0.00573244945
0.00589862042
0.00581874407
0.00558282279
0.00513707582
0.00449288699
0.00371503841
0.00286100237
0.00194712770
0.00102688772
0.00012469435
-0.00071476283
-0.00147380061
-0.00214273417
-0.00269358662
-0.00311421367
-0.00339677742
-0.00359615305
-0.00361284787
-0.00355557813
-0.00331643962
-0.00298856444
-0.00251292301
-0.00191934537
-0.00121530512
-0.00040057002
0.00047528090
0.00140584326
0.00234468399
0.00328077676
0.00412052046
0.00120027817
0.00024886428
-0.00072618374
-0.00165856820
-0.00251505889
-0.00321935242
-0.00370902815
-0.00402850000
-0.00406061698
-0.00389677618
-0.00345494631
-0.00279728243
-0.00198791296
-0.00102317237
0.00003264583
0.00111482755
0.00219204108
0.00320344744
0.00408889585
0.00482363020
0.00534457398
0.00571789676
0.00585170371
0.00578586398
0.00552708316
0.00513693064
0.00455925937
0.00388503715
0.00317114209
0.00240081776
0.00165335919
0.00092632485
0.00026084629
-0.00032952408
-0.00082137559
-0.00121478686
-0.00149915904
-0.00165614726
-0.00171074798
-0.00163765097
-0.00145531186
-0.00115565901
-0.00074228792
-0.00024274371
0.00035213698
0.00102410656
0.00173031789
0.00245443942
0.00320039198
0.00385803212
0.00449505617
0.00156191527
0.00065195703
-0.00031369326
-0.00127154162
-0.00214546556
-0.00292349520
-0.00352185477
-0.00390083107
-0.00408984386
-0.00401705666
-0.00373188635
-0.00320653722
-0.00250268684
-0.00163222159
-0.00066532427
0.00037450440
0.00142344998
0.00243984331
0.00337246550
0.00419247831
0.00486480663
0.00533310487
0.00569219419
0.00579707195
0.00573733493
0.00551231426
0.00520204159
0.00474196941
0.00420345109
0.00364429126
0.00303755760
0.00244213944
0.00190663852
0.00140433927
0.00098920452
0.00065319805
0.00040434941
0.00025568998
0.00020769976
0.00025933000
0.00040668431
0.00064109336
0.00097195568
0.00136413112
0.00182670943
0.00232368215
0.00284375615
0.00337121076
0.00386014719
0.00428300891
0.00462991561
0.00193284298
0.00105284479
0.00010505322
-0.00085544990
-0.00177561918
-0.00258478109
-0.00327522746
-0.00378831296
-0.00406323952
-0.00412443501
-0.00395403725
-0.00358418054
-0.00299136627
-0.00226455616
-0.00137449348
-0.00041382282
0.00059770149
0.00159708247
0.00255157882
0.00342770682
0.00420325865
0.00481852298
0.00528153920
0.00558509248
0.00573062640
0.00572591985
0.00558315202
0.00536840929
0.00501440780
0.00461164353
0.00421395620
0.00377345272
0.00336571208
0.00298810377
0.00265161421
0.00237505421
0.00218954804
0.00205681832
0.00199990276
0.00204896522
0.00214550254
0.00231266235
0.00254276789
0.00281080896
0.00313055769
0.00346171503
0.00380070618
0.00406985640
0.00432172876
0.00450090793
0.00455859582
0.00229505998
0.00145558932
0.00052716883
-0.00042888214
-0.00137126957
-0.00224894758
-0.00299351523
-0.00357761328
-0.00397678871
-0.00418818773
-0.00415440023
-0.00390950705
-0.00347998580
-0.00285895357
-0.00209267382
-0.00121052838
-0.00027241923
0.00069979596
0.00164779994
0.00257180847
0.00338198403
0.00412712835
0.00468248716
0.00515563475
0.00548876234
0.00569555353
0.00572285199
0.00565744150
0.00554275072
0.00536725169
0.00509595527
0.00483292649
0.00455491074
0.00430754651
0.00408005410
0.00389942034
0.00372742900
0.00364560384
0.00359650368
0.00360916417
0.00368433344
0.00378401261
0.00388927168
0.00405862474
0.00421725344
0.00436413962
0.00449012186
0.00455897036
0.00456321363
0.00449107227
0.00434195002
0.00264025349
0.00183687222
0.00095329027
0.00000211850
-0.00095003373
-0.00184650516
-0.00266459608
-0.00334986461
-0.00385639930
-0.00417067660
-0.00428651588
-0.00420021033
-0.00388938922
-0.00340113343
-0.00277151287
-0.00200894878
-0.00114495497
-0.00023793059
0.00069417163
0.00160127526
0.00247417968
0.00325893715
0.00395580436
0.00452564433
0.00500912840
0.00533916446
0.00557244026
0.00574222023
0.00575917010
0.00574208056
0.00568143164
0.00559419786
0.00545248010
0.00531642074
0.00518655973
0.00506879255
0.00500810198
0.00490921705
0.00490687616
0.00489740754
0.00490491743
0.00496235697
0.00499738683
0.00500729933
0.00503200905
0.00499351991
0.00493021743
0.00481180616
0.00457437730
0.00430758630
0.00388637458
0.00293190060
0.00221603783
0.00136228078
0.00044167436
-0.00050774929
-0.00143969356
-0.00229857165
-0.00304423612
-0.00366873810
-0.00407314979
-0.00433260105
-0.00439020559
-0.00422052286
-0.00389417977
-0.00339656256
-0.00276050453
-0.00200921103
-0.00117462544
-0.00029619090
0.00059318137
0.00146121563
0.00227086564
0.00303953799
0.00372309817
0.00429473684
0.00478138019
0.00517267907
0.00546987616
0.00568920851
0.00583910643
0.00591245626
0.00597805902
0.00598133762
0.00596492095
0.00593517418
0.00589229244
0.00588223967
0.00585628351
0.00584857171
0.00584092936
0.00579556594
0.00577203504
0.00574701529
0.00566510462
0.00551362579
0.00537080764
0.00509220165
0.00481174017
0.00440990598
0.00389576528
0.00332145998
0.00321738952
0.00255839314
0.00175510839
0.00087298170
-0.00006223580
-0.00099663790
-0.00189265185
-0.00269568972
-0.00337526069
-0.00393804838
-0.00429240706
-0.00446385727
-0.00447200637
-0.00429351831
-0.00392668148
-0.00343513665
-0.00280112314
-0.00206381605
-0.00128006810
-0.00044455162
0.00039398544
0.00122200473
0.00201301441
0.00274156192
0.00338700693
0.00399774509
0.00451518229
0.00491397246
0.00530565209
0.00555871768
0.00582180817
0.00595838326
0.00613015852
0.00622826210
0.00630043895
0.00635784334
0.00637129578
0.00640150819
0.00639927990
0.00636339339
0.00634439470
0.00625665924
0.00610320087
0.00595506313
0.00573949303
0.00540672806
0.00502783836
0.00455826986
0.00401604468
0.00336952321
0.00259767577
0.00345214904
0.00284845607
0.00213581825
0.00129224327
0.00039697594
-0.00052884781
-0.00143028501
-0.00228198193
-0.00304730690
-0.00366154293
-0.00414515007
-0.00444991812
-0.00461320796
-0.00454730303
-0.00436807716
-0.00398514281
-0.00351655204
-0.00290695920
-0.00220575512
-0.00146692859
-0.00067723231
0.00011648725
0.00089414788
0.00165226134
0.00236219782
0.00300351683
0.00361746465
0.00414496349
0.00458937083
0.00501919446
0.00534043797
0.00563648709
0.00587568018
0.00610007224
0.00625842510
0.00637304907
0.00648565786
0.00655486198
0.00655573450
0.00651142904
0.00646949275
0.00631841760
0.00618055568
0.00591204906
0.00557272821
0.00518977268
0.00471546524
0.00412123157
0.00345146928
0.00266929850
0.00181390386
0.00359670340
0.00311981253
0.00245764183
0.00170528633
0.00084809109
-0.00004486857
-0.00094529789
-0.00181091698
-0.00259975542
-0.00330922911
-0.00389821961
-0.00432906506
-0.00457380320
-0.00471062490
-0.00462498703
-0.00444221435
-0.00409187494
-0.00362252752
-0.00307021539
-0.00240975717
-0.00172212371
-0.00098326447
-0.00024524200
0.00049263389
0.00121204164
0.00190205950
0.00253271776
0.00312799539
0.00368200425
0.00414219940
0.00458707282
0.00498875129
0.00531182875
0.00556522322
0.00584086854
0.00603367274
0.00613926778
0.00626570294
0.00631922962
0.00629327552
0.00620070039
0.00608380783
0.00583952735
0.00554738963
0.00519986065
0.00471216991
0.00415023533
0.00348311403
0.00273758197
0.00190216525
0.00099202002
0.00371545062
0.00329915706
0.00275951293
0.00207162589
0.00129696413
0.00045048447
-0.00042217895
-0.00128627073
-0.00211506271
-0.00286310440
-0.00350997045
-0.00405364491
-0.00443734349
-0.00467785338
-0.00477176655
-0.00472222709
-0.00450690292
-0.00421872831
-0.00376997620
-0.00327176962
-0.00266516781
-0.00203811519
-0.00136273431
-0.00067060243
0.00001788045
0.00069097377
0.00134460229
0.00197433082
0.00254120994
0.00309489665
0.00357449173
0.00402935821
0.00440694776
0.00475872225
0.00505568129
0.00530753144
0.00549691111
0.00563133803
0.00567253200
0.00571624337
0.00561158989
0.00543606103
0.00522436855
0.00492382222
0.00450543823
0.00399927642
0.00341933474
0.00272846823
0.00193881053
0.00109452659
0.00016571913
0.00371898460
0.00345400303
0.00299320935
0.00240352980
0.00171497140
0.00093970277
0.00011744140
-0.00072678029
-0.00154803793
-0.00232726189
-0.00303491745
-0.00362636040
-0.00414486409
-0.00447984548
-0.00474342285
-0.00480070144
-0.00479280805
-0.00460058034
-0.00435024295
-0.00395137202
-0.00350922531
-0.00298502782
-0.00239384661
-0.00179803989
-0.00115959769
-0.00053161262
0.00009738824
0.00070815875
0.00129972572
0.00184671648
0.00237848183
0.00283747308
0.00328509790
0.00367798883
0.00398776882
0.00428843423
0.00453268417
0.00465570014
0.00476910691
0.00478003706
0.00471926492
0.00458086504
0.00434566504
0.00402850517
0.00360631200
0.00312940688
0.00253431674
0.00185969713
0.00110777906
0.00027686930
-0.00060775302
0.00367101757
0.00349793373
0.00316135627
0.00270587094
0.00210593882
0.00141384173
0.00066522938
-0.00012605316
-0.00092896247
-0.00170775388
-0.00243937400
-0.00310950269
-0.00366769182
-0.00415248086
-0.00450010838
-0.00472920811
-0.00483721036
-0.00483437066
-0.00469238086
-0.00449717257
-0.00416415979
-0.00376541688
-0.00332230606
-0.00280835973
-0.00227465226
-0.00171734729
-0.00113583999
-0.00057054534
-0.00001272674
0.00053100257
0.00104390872
0.00152979527
0.00197105255
0.00238531648
0.00275026223
0.00304179681
0.00328718165
0.00348102990
0.00359122168
0.00360754518
0.00358879486
0.00346122894
0.00326125210
0.00297274890
0.00260028368
0.00212593072
0.00156960103
0.00095531168
0.00025728558
-0.00049621785
-0.00130235220
0.00352911964
0.00347132625
0.00326967960
0.00291232215
0.00245534756
0.00187255783
0.00121165970
0.00048810644
-0.00026485846
-0.00102126798
-0.00174919822
-0.00245539584
-0.00309955491
-0.00363925058
-0.00407786284
-0.00446047275
-0.00466943683
-0.00483087963
-0.00487745190
-0.00478129641
-0.00461031400
-0.00437754031
-0.00406948210
-0.00367852081
-0.00327283318
-0.00279077896
-0.00230195378
-0.00180154795
-0.00130035639
-0.00079992851
-0.00031847771
0.00014932492
0.00058379149
0.00098666954
0.00134182401
0.00166256287
0.00191817591
0.00211266490
0.00223437246
0.00230845781
0.00229389524
0.00221306622
0.00204461938
0.00179863095
0.00146519432
0.00106782563
0.00059250453
0.00004980122
-0.00054926061
-0.00119200576
-0.00187017057
0.00329660696
0.00335727434
0.00328018763
0.00308787707
0.00273399652
0.00228896235
0.00172775021
0.00110980359
0.00042306633
-0.00028342136
-0.00100236611
-0.00170650190
-0.00236060219
-0.00297826447
-0.00352887344
-0.00396915950
-0.00433992744
-0.00462023577
-0.00477193552
-0.00487196521
-0.00486063378
-0.00476917334
-0.00457657267
-0.00435934116
-0.00405681299
-0.00371158365
-0.00333788166
-0.00291364822
-0.00250103227
-0.00205890981
-0.00163962604
-0.00121098788
-0.00081467550
-0.00043537744
-0.00009233138
0.00021270519
0.00046763003
0.00067399582
0.00082501379
0.00091092987
0.00092667379
0.00089017785
0.00076935399
0.00058041495
0.00032837548
0.00000752790
-0.00036766096
-0.00079980195
-0.00127636972
-0.00177115507
-0.00229541570
0.00297919013
0.00315817687
0.00322110002
0.00315078503
0.00295113124
0.00264750469
0.00222314744
0.00170168484
0.00111513316
0.00047760299
-0.00019471715
-0.00087534019
-0.00155229895
-0.00219143731
-0.00277671148
-0.00332593649
-0.00380571655
-0.00417963078
-0.00450423864
-0.00469396611
-0.00486749497
-0.00489054274
-0.00490319857
-0.00478824092
-0.00460470691
-0.00441124592
-0.00417131447
-0.00385995223
-0.00353313189
-0.00318946643
-0.00283814678
-0.00248470542
-0.00212371692
-0.00180166134
-0.00148027203
-0.00120434978
-0.00095531328
-0.00075247494
-0.00059063090
-0.00047969047
-0.00042983597
-0.00042738561
-0.00048760421
-0.00060071146
-0.00077256179
-0.00098748369
-0.00125653947
-0.00155005953
-0.00187880961
-0.00222105830
-0.00256860703
0.00258613045
0.00286649580
0.00307870744
0.00313188560
0.00310615691
0.00291609686
0.00264694570
0.00226282981
0.00179108200
0.00123930523
0.00063743790
0.00000127681
-0.00065261024
-0.00130510100
-0.00193616256
-0.00253523297
-0.00308054728
-0.00356035539
-0.00397131398
-0.00432180924
-0.00459251437
-0.00480313825
-0.00492197244
-0.00496700174
-0.00495617147
-0.00485978178
-0.00474551302
-0.00457278014
-0.00433543090
-0.00412581538
-0.00383663278
-0.00358063694
-0.00329865270
-0.00300716897
-0.00275640840
-0.00249155777
-0.00228351102
-0.00207267335
-0.00191737452
-0.00178772792
-0.00170080593
-0.00166312716
-0.00164779958
-0.00169559352
-0.00176281206
-0.00188410810
-0.00200928426
-0.00217978938
-0.00233617010
-0.00252123440
-0.00268101250
0.00210066848
0.00251450870
0.00282187240
0.00305154005
0.00314958831
0.00313309753
0.00300505108
0.00275556082
0.00240905024
0.00196927073
0.00145347229
0.00089396738
0.00028348764
-0.00034713069
-0.00098823818
-0.00160283439
-0.00220940597
-0.00276689361
-0.00327771314
-0.00373484604
-0.00412515710
-0.00443371482
-0.00468672792
-0.00486786186
-0.00500793221
-0.00505781921
-0.00505601357
-0.00499775649
-0.00491570728
-0.00477522529
-0.00462999631
-0.00441637135
-0.00423319980
-0.00403718951
-0.00380166688
-0.00361030469
-0.00341163857
-0.00324444771
-0.00306141884
-0.00294717981
-0.00282027543
-0.00272881957
-0.00267102856
-0.00262037271
-0.00261998578
-0.00260944308
-0.00262665560
-0.00262993625
-0.00266015337
-0.00265152439
-0.00263082372
0.00155475942
0.00206822649
0.00251627341
0.00286603754
0.00309684322
0.00325391716
0.00325080101
0.00316431735
0.00296355761
0.00264877701
0.00224807694
0.00175951519
0.00122599177
0.00063688519
0.00002094878
-0.00060663067
-0.00122333062
-0.00183430493
-0.00241767711
-0.00295751427
-0.00342021765
-0.00386873411
-0.00421373664
-0.00453679571
-0.00476021150
-0.00496987488
-0.00508294900
-0.00516797483
-0.00517383535
-0.00515965182
-0.00508030648
-0.00502373612
-0.00489525147
-0.00474804632
-0.00463239622
-0.00445970805
-0.00431130742
-0.00414387644
-0.00399947826
-0.00385769060
-0.00371680699
-0.00360374990
-0.00348480030
-0.00337745304
-0.00325453163
-0.00315834110
-0.00305689764
-0.00293528812
-0.00278656905
-0.00264518841
-0.00244026037
0.00097001960
0.00157132525
0.00211392363
0.00257671658
0.00297904727
0.00324579158
0.00343423635
0.00347402052
0.00339645017
0.00323573976
0.00296146339
0.00259117336
0.00212001111
0.00160661793
0.00103828565
0.00043504036
-0.00018815830
-0.00081313409
-0.00142083447
-0.00201917513
-0.00257619077
-0.00306364861
-0.00352813693
-0.00394735023
-0.00431291808
-0.00459174241
-0.00479938737
-0.00501412098
-0.00516441371
-0.00520686032
-0.00528017174
-0.00525667583
-0.00524997632
-0.00521456811
-0.00510847959
-0.00504087204
-0.00489112794
-0.00478515968
-0.00467620119
-0.00450045827
-0.00438161609
-0.00419945457
-0.00405467323
-0.00389153235
-0.00371649731
-0.00350007330
-0.00326767809
-0.00304168565
-0.00278076842
-0.00246721894
-0.00216925953
