0.50000000000 0.50000000000 0.00130366583
0.49795398239 0.50161616531 0.00204683031
0.49509524405 0.50454629712 0.00330722156
0.49090831427 0.50966689053 0.00544970163
0.48450557553 0.51848743064 0.00913690999
0.47432917123 0.53366548361 0.01542295355
0.45783464972 0.55973080052 0.02485133860
0.43238702032 0.60242476119 0.03450453614
0.39845231372 0.66251375973 0.03187412975
0.36780480153 0.71841161825 0.01401423888
0.35404856343 0.74283213173 0.00324852506
0.35083277004 0.74847751330 0.00068455063
0.35017040873 0.74967572688 0.00014444089
0.35003487654 0.74993084198 0.00003052879
0.35000712096 0.74998522630 0.00000645767
0.35000142760 0.74999681904 0.00000136666
0.35000025771 0.74999928935 0.00000028934
